2500 2500 2500 2500
3000 3000 3000 1000
3000 3000 2500 1500
3000 3000 2000 2000
3000 2500 2500 2000
3500 3500 3000 0
3500 3500 2500 500
3500 3500 2000 1000
3500 3500 1500 1500
3500 3000 3000 500
3500 3000 2500 1000
3500 3000 2000 1500
3500 2500 2500 1500
3500 2500 2000 2000
4000 4000 2000 0
4000 4000 1500 500
4000 4000 1000 1000
4000 3500 2500 0
4000 3500 2000 500
4000 3500 1500 1000
4000 3000 3000 0
4000 3000 2500 500
4000 3000 2000 1000
4000 3000 1500 1500
4000 2500 2500 1000
4000 2500 2000 1500
4000 2000 2000 2000
4500 4500 1000 0
4500 4500 500 500
4500 4000 1500 0
4500 4000 1000 500
4500 3500 2000 0
4500 3500 1500 500
4500 3500 1000 1000
4500 3000 2500 0
4500 3000 2000 500
4500 3000 1500 1000
4500 2500 2500 500
4500 2500 2000 1000
4500 2500 1500 1500
4500 2000 2000 1500
5000 5000 0 0
5000 4500 500 0
5000 4000 1000 0
5000 4000 500 500
5000 3500 1500 0
5000 3500 1000 500
5000 3000 2000 0
5000 3000 1500 500
5000 3000 1000 1000
5000 2500 2500 0
5000 2500 2000 500
5000 2500 1500 1000
5000 2000 2000 1000
5000 2000 1500 1500
5500 4500 0 0
5500 4000 500 0
5500 3500 1000 0
5500 3500 500 500
5500 3000 1500 0
5500 3000 1000 500
5500 2500 2000 0
5500 2500 1500 500
5500 2500 1000 1000
5500 2000 2000 500
5500 2000 1500 1000
5500 1500 1500 1500
6000 4000 0 0
6000 3500 500 0
6000 3000 1000 0
6000 3000 500 500
6000 2500 1500 0
6000 2500 1000 500
6000 2000 2000 0
6000 2000 1500 500
6000 2000 1000 1000
6000 1500 1500 1000
6500 3500 0 0
6500 3000 500 0
6500 2500 1000 0
6500 2500 500 500
6500 2000 1500 0
6500 2000 1000 500
6500 1500 1500 500
6500 1500 1000 1000
7000 3000 0 0
7000 2500 500 0
7000 2000 1000 0
7000 2000 500 500
7000 1500 1500 0
7000 1500 1000 500
7000 1000 1000 1000
7500 2500 0 0
7500 2000 500 0
7500 1500 1000 0
7500 1500 500 500
7500 1000 1000 500
8000 2000 0 0
8000 1500 500 0
8000 1000 1000 0
8000 1000 500 500
8500 1500 0 0
8500 1000 500 0
8500 500 500 500
9000 1000 0 0
9000 500 500 0
9500 500 0 0
10000 0 0 0
